,time,event
0,0.887418382729519,0.0
1,1.1862824109668837,2.0
2,2.9559485851275653,1.0
3,3.0086354070054826,1.0
4,3.1318872200693035,2.0
5,3.1764477660524877,2.0
6,3.198645972624457,2.0
7,3.2333916320287783,1.0
8,3.326367087147198,3.0
9,3.4980050776954412,4.0
10,3.5892937507688605,3.0
11,3.5902349390268826,1.0
12,3.6129888107972286,0.0
13,3.615364464135489,3.0
14,3.6982477682794332,1.0
15,3.729756487723721,0.0
16,3.746736434078528,2.0
17,3.832413922480488,2.0
18,3.835261490043695,1.0
19,3.8376649416711235,2.0
20,3.9046632871872933,1.0
21,3.9221176786043324,3.0
22,3.9782304383455847,3.0
23,3.9869682339909276,4.0
24,3.9886072126175454,2.0
25,4.003955672759628,2.0
26,4.086728925656513,3.0
27,4.100041082394511,1.0
28,4.114270496277752,2.0
29,4.192105181885456,3.0
30,4.232980877157555,0.0
31,4.251121975189931,2.0
32,4.382047050423297,2.0
33,4.385217617986444,0.0
34,4.483027996050527,1.0
35,4.492910081965722,2.0
36,4.494639191638882,2.0
37,4.494949354676521,3.0
38,4.519865060096728,1.0
39,4.530471973543708,1.0
40,4.567383812769862,2.0
41,4.570445375553441,3.0
42,4.5705371486316215,1.0
43,4.584415237409795,0.0
44,4.592875796381621,4.0
45,4.632193274254778,2.0
46,4.649118920546711,4.0
47,4.662283080029211,4.0
48,4.665615552158335,2.0
49,4.67620672894218,0.0
50,4.68167094821353,0.0
51,4.709841661350388,2.0
52,4.726814974807124,3.0
53,4.745155534507278,4.0
54,4.771928925847201,4.0
55,4.774185748818386,3.0
56,4.808195232192797,4.0
57,4.838930659037034,3.0
58,4.8581584978668895,1.0
59,4.864611287283049,0.0
60,4.916410141406329,2.0
61,4.920919329062689,4.0
62,4.94848135586927,3.0
63,4.957347353485501,0.0
64,5.022461343004503,2.0
65,5.024650803645159,2.0
66,5.054958936942791,3.0
67,5.071045738263821,3.0
68,5.07454041466624,1.0
69,5.08236568189156,0.0
70,5.121385683763135,3.0
71,5.137038027493849,1.0
72,5.155578524077657,0.0
73,5.189966173863617,2.0
74,5.206160851291573,3.0
75,5.206168795201601,4.0
76,5.233932787363965,0.0
77,5.264543137216556,3.0
78,5.270806426285665,2.0
79,5.271145085513559,4.0
80,5.277364469077603,3.0
81,5.28454790924687,1.0
82,5.2876233159048045,4.0
83,5.293830123331258,3.0
84,5.302632746846798,2.0
85,5.303566629254251,3.0
86,5.305870008773048,2.0
87,5.318920777271253,4.0
88,5.333996041426355,4.0
89,5.338640440284109,0.0
90,5.36321055206951,3.0
91,5.376409352275375,2.0
92,5.381543065370695,3.0
93,5.395872119235545,0.0
94,5.400475815475904,1.0
95,5.401156263980409,3.0
96,5.404077936294585,4.0
97,5.405095620866357,2.0
98,5.412169387209772,0.0
99,5.444436707375952,3.0
100,5.461836868792878,1.0
101,5.477905818545919,2.0
102,5.503093015625976,4.0
103,5.504376011050007,3.0
104,5.523823018135475,3.0
105,5.556001905517134,1.0
106,5.563535218366852,2.0
107,5.565126722675333,4.0
108,5.567646312343899,1.0
109,5.5772497282261755,0.0
110,5.582352751294101,0.0
111,5.58260751424693,3.0
112,5.5843383081994356,4.0
113,5.599815543242216,3.0
114,5.603808412726953,3.0
115,5.6056471655750375,3.0
116,5.621993022142629,3.0
117,5.634715570103849,2.0
118,5.643419166074527,3.0
119,5.643738624982344,4.0
120,5.644813579712872,4.0
121,5.658493562431575,4.0
122,5.659425551789867,0.0
123,5.659602108271048,2.0
124,5.6643897370738205,2.0
125,5.674340055433603,2.0
126,5.686223947889745,4.0
127,5.69117875221743,1.0
128,5.699707845453085,4.0
129,5.70699449736008,1.0
130,5.712331062906076,4.0
131,5.7143124148087985,3.0
132,5.72103516652393,1.0
133,5.738548827633888,4.0
134,5.749466502302767,2.0
135,5.755197631352489,1.0
136,5.7582592086467175,4.0
137,5.765478509549512,2.0
138,5.765935872863179,1.0
139,5.766071796509364,4.0
140,5.771226912062281,4.0
141,5.772885832537706,0.0
142,5.775945029452466,2.0
143,5.777429408181576,0.0
144,5.778754019316022,1.0
145,5.781704324364387,2.0
146,5.784825482582708,4.0
147,5.804709107518779,1.0
148,5.811990314883966,4.0
149,5.826493253203518,0.0
150,5.835726122083154,2.0
151,5.83914919638008,2.0
152,5.840046253945947,0.0
153,5.8428404951613375,3.0
154,5.8510732611923935,4.0
155,5.859776302071342,1.0
156,5.863948228551905,1.0
157,5.868065772079057,2.0
158,5.868547893968059,4.0
159,5.873776433468241,3.0
160,5.875893927515722,2.0
161,5.881301038179473,2.0
162,5.882090114471046,1.0
163,5.902080464265554,2.0
164,5.907611620969148,2.0
165,5.9100421588668395,1.0
166,5.925861270335316,4.0
167,5.930101443539575,2.0
168,5.933136938821834,0.0
169,5.93531914737572,0.0
170,5.939699161607774,1.0
171,5.966418208362303,0.0
172,5.969777067753575,2.0
173,5.970615953032434,3.0
174,5.97735017675063,1.0
175,5.980799160087186,3.0
176,5.9811465580647205,2.0
177,5.983262747296487,2.0
178,5.992202081740794,2.0
179,5.995334967815184,3.0
180,5.997850754411437,3.0
181,5.9999696363303325,3.0
182,6.012727482450677,4.0
183,6.0186618138418755,3.0
184,6.019275513520377,1.0
185,6.028578566699541,4.0
186,6.034348262467263,2.0
187,6.044828622797539,3.0
188,6.04685063307714,4.0
189,6.053026498060259,1.0
190,6.054182244510279,1.0
191,6.067060886481121,2.0
192,6.081299602000604,1.0
193,6.084559693058905,3.0
194,6.086718970086004,2.0
195,6.0897188025150815,2.0
196,6.094385537752228,3.0
197,6.09696170482991,4.0
198,6.09731411549588,3.0
199,6.097501875284632,3.0
200,6.103690935394407,2.0
201,6.108012140813654,3.0
202,6.118905439047179,2.0
203,6.1213773742246875,3.0
204,6.122506469631246,3.0
205,6.127829858876555,0.0
206,6.1351385386332336,2.0
207,6.1370053250482295,3.0
208,6.141123907741338,1.0
209,6.143236687292761,2.0
210,6.143331953852619,2.0
211,6.145627977538379,3.0
212,6.150674428147349,2.0
213,6.151562127855302,1.0
214,6.15449337501099,1.0
215,6.170867126012429,1.0
216,6.173559572896225,3.0
217,6.1777669464778535,4.0
218,6.1836407360697585,3.0
219,6.18706393393195,1.0
220,6.19225313815961,3.0
221,6.193585110958344,4.0
222,6.204807117063717,3.0
223,6.206951889545229,4.0
224,6.212911035874323,2.0
225,6.215839472852187,1.0
226,6.216103705635272,4.0
227,6.218487821920144,1.0
228,6.229292429462113,1.0
229,6.231131221979942,0.0
230,6.231654959247515,3.0
231,6.233716504299215,1.0
232,6.240157118744623,0.0
233,6.2521532596745235,4.0
234,6.25332092121197,4.0
235,6.25564621815182,1.0
236,6.258973805203253,4.0
237,6.270733919178294,0.0
238,6.278901175426454,2.0
239,6.285181204625799,2.0
240,6.287318271194338,4.0
241,6.298230968808515,2.0
242,6.298400163889461,1.0
243,6.3043590333943476,4.0
244,6.306104587125401,3.0
245,6.322818230427803,4.0
246,6.323827092920358,3.0
247,6.3259434076342185,0.0
248,6.327682128621559,0.0
249,6.330559400137961,2.0
250,6.333159197795067,1.0
251,6.3333792829963595,2.0
252,6.335345349373306,1.0
253,6.335392432235903,1.0
254,6.34298507770602,2.0
255,6.347166344778949,3.0
256,6.347479184659965,4.0
257,6.348330491909753,4.0
258,6.348694708997542,1.0
259,6.348796584172867,0.0
260,6.358996790749067,0.0
261,6.360072163084075,4.0
262,6.360688612995605,4.0
263,6.362435573540663,2.0
264,6.363058380816741,2.0
265,6.365764549136969,1.0
266,6.366177899292702,0.0
267,6.3662570461921755,2.0
268,6.3695036893798305,0.0
269,6.3716376750033525,2.0
270,6.372758301091323,2.0
271,6.375629242810229,3.0
272,6.395742395763421,0.0
273,6.398253195361069,2.0
274,6.4055109377990895,2.0
275,6.409305014804977,2.0
276,6.412773191022127,0.0
277,6.423306239146429,0.0
278,6.424038321465289,3.0
279,6.429593350279082,1.0
280,6.433861410083733,3.0
281,6.43473739827392,2.0
282,6.43475992857282,1.0
283,6.441995824412527,1.0
284,6.442605677372391,4.0
285,6.446579018155993,3.0
286,6.449586549455491,2.0
287,6.461629020580229,2.0
288,6.468777357307998,4.0
289,6.47137437209861,1.0
290,6.473015296690376,4.0
291,6.47460982495482,4.0
292,6.4776552765951525,2.0
293,6.481016481703706,0.0
294,6.484587450067433,1.0
295,6.491306174714151,2.0
296,6.494551257826841,0.0
297,6.494668319305354,4.0
298,6.4947351908996565,3.0
299,6.495406135092282,4.0
300,6.501528923905114,1.0
301,6.504982568377169,4.0
302,6.505210362253394,3.0
303,6.508334162321444,2.0
304,6.509291680572739,1.0
305,6.509635652576799,4.0
306,6.511620437792242,0.0
307,6.513128856857848,1.0
308,6.513258422651528,0.0
309,6.513266227490659,3.0
310,6.518591398141642,4.0
311,6.526960405737501,1.0
312,6.531701513261952,3.0
313,6.5415872770188255,1.0
314,6.546675309037002,2.0
315,6.5471051652879275,1.0
316,6.549474050860422,2.0
317,6.5505515758612995,0.0
318,6.551297467264739,4.0
319,6.556219803442799,4.0
320,6.559978375497678,4.0
321,6.562637238370231,4.0
322,6.565392266683433,2.0
323,6.569841331002206,2.0
324,6.57661899451351,3.0
325,6.577540978167793,1.0
326,6.579475701360542,0.0
327,6.579793942165735,3.0
328,6.587097318430227,2.0
329,6.587894480717415,2.0
330,6.589937757767344,4.0
331,6.590965957551639,2.0
332,6.592642676352043,3.0
333,6.593272601480625,2.0
334,6.593910387801546,1.0
335,6.600474863394957,3.0
336,6.602466077484632,4.0
337,6.603684090023342,0.0
338,6.606513775145245,4.0
339,6.607894672442857,4.0
340,6.608179148651627,2.0
341,6.609929862781286,2.0
342,6.610840715885092,4.0
343,6.620316686075088,4.0
344,6.622623944568915,2.0
345,6.623389870834761,2.0
346,6.629328777668457,4.0
347,6.629588320694425,1.0
348,6.630083589959464,1.0
349,6.632224347739726,1.0
350,6.635822226627807,4.0
351,6.636683630016063,2.0
352,6.638385971986559,4.0
353,6.640471210089321,4.0
354,6.642042853053641,1.0
355,6.642260599192624,4.0
356,6.6435769569433285,4.0
357,6.644335023372404,3.0
358,6.6458148305293285,0.0
359,6.648831224031862,0.0
360,6.648878966889966,1.0
361,6.650561102774596,4.0
362,6.664423840891156,2.0
363,6.669506963753823,0.0
364,6.669899384760452,2.0
365,6.671098158499365,3.0
366,6.672192710615279,4.0
367,6.672342161003886,3.0
368,6.672778030162477,0.0
369,6.673917634277217,4.0
370,6.676883624945623,4.0
371,6.680803963740246,0.0
372,6.687282779924529,0.0
373,6.687914691414491,2.0
374,6.688702360196085,1.0
375,6.688751522892166,2.0
376,6.68964355403684,0.0
377,6.691991376010134,3.0
378,6.693334378501729,1.0
379,6.694804007813147,2.0
380,6.695098076088895,2.0
381,6.695528932703847,0.0
382,6.696162540490335,2.0
383,6.700411146175431,3.0
384,6.700892730355458,2.0
385,6.700956568596409,4.0
386,6.702019305177901,0.0
387,6.70458099609911,0.0
388,6.70642325217825,2.0
389,6.70724801049775,4.0
390,6.70790138621718,0.0
391,6.708358837771628,2.0
392,6.710771770777401,4.0
393,6.712633504421777,4.0
394,6.713341104629787,1.0
395,6.715728126284322,3.0
396,6.7190360976183685,3.0
397,6.724353303549244,2.0
398,6.724637206947994,4.0
399,6.729718339128752,2.0
400,6.73165750767631,1.0
401,6.734307416775027,2.0
402,6.737420673996264,0.0
403,6.737550686383125,0.0
404,6.742890812971661,3.0
405,6.744547556754005,3.0
406,6.747972214911268,2.0
407,6.748375069052316,2.0
408,6.7500311603100025,0.0
409,6.751469755045404,1.0
410,6.75222462655405,2.0
411,6.752786017523009,3.0
412,6.752959949985803,2.0
413,6.75613472054056,0.0
414,6.7567296297383,0.0
415,6.759526519279192,1.0
416,6.763033211453701,3.0
417,6.765157627695793,0.0
418,6.7676921491183855,1.0
419,6.767710789215448,1.0
420,6.770028956702652,3.0
421,6.773292342766767,3.0
422,6.77409537276148,4.0
423,6.777946420906327,0.0
424,6.779119043743406,2.0
425,6.7798699646015805,2.0
426,6.780842598742234,3.0
427,6.780939466653123,2.0
428,6.7812003323861125,2.0
429,6.782610402989531,1.0
430,6.783382344194961,4.0
431,6.791222845410595,1.0
432,6.7934463296823004,2.0
433,6.801155052772692,3.0
434,6.802819746114179,2.0
435,6.80886784199276,2.0
436,6.808900027898156,3.0
437,6.811613671617766,3.0
438,6.813513570819546,3.0
439,6.8140928439679955,2.0
440,6.814279849203621,0.0
441,6.832216048680661,2.0
442,6.832656941443158,1.0
443,6.832730017593387,0.0
444,6.838645535286232,2.0
445,6.839922097249375,4.0
446,6.842252785048586,3.0
447,6.843833976252616,2.0
448,6.84455880371252,3.0
449,6.845551439085174,2.0
450,6.845786896774907,0.0
451,6.848149326579086,1.0
452,6.848858998627796,2.0
453,6.8498699119864,2.0
454,6.851463651608688,4.0
455,6.85532906236317,3.0
456,6.856466288397748,3.0
457,6.856650990578806,3.0
458,6.856893349945041,2.0
459,6.857240214988014,0.0
460,6.862303999597687,0.0
461,6.867220399448048,2.0
462,6.872686119181816,4.0
463,6.874426545191936,2.0
464,6.879661364149835,4.0
465,6.880693088664302,3.0
466,6.885230665944081,2.0
467,6.887595029964757,0.0
468,6.888845533181323,2.0
469,6.889376998214923,0.0
470,6.894334508140415,3.0
471,6.895261357600161,0.0
472,6.899739186806953,3.0
473,6.899860319254223,3.0
474,6.900213629378884,1.0
475,6.906393287790777,0.0
476,6.907072795978331,2.0
477,6.907793611398168,2.0
478,6.909265579786191,0.0
479,6.916347611411376,3.0
480,6.917777322595681,3.0
481,6.918547087366977,2.0
482,6.920179498865953,4.0
483,6.920954779010084,3.0
484,6.923598398654878,2.0
485,6.927705980140332,3.0
486,6.928086080114845,3.0
487,6.928399914627941,4.0
488,6.929715490818611,3.0
489,6.931986751128482,0.0
490,6.933163602701749,4.0
491,6.934905590107979,2.0
492,6.935285937565621,4.0
493,6.937840603326914,3.0
494,6.939285224523129,1.0
495,6.941707220358146,0.0
496,6.942172679955931,1.0
497,6.942466244402292,4.0
498,6.942747539666853,4.0
499,6.944320912264042,4.0
500,6.946857253778543,1.0
501,6.947198760604153,3.0
502,6.947242173543506,2.0
503,6.948818824347075,2.0
504,6.949040992995994,2.0
505,6.95136038744024,4.0
506,6.952989756284693,2.0
507,6.95325538280171,2.0
508,6.953266714940626,3.0
509,6.954213779180248,0.0
510,6.9547569990617895,4.0
511,6.955029226612425,2.0
512,6.955907914842459,2.0
513,6.958078563459375,1.0
514,6.9620604360160865,1.0
515,6.9624801685053965,3.0
516,6.96327375609288,2.0
517,6.963944049625149,4.0
518,6.965063369082417,2.0
519,6.9650856038745035,2.0
520,6.965763111612172,3.0
521,6.969214774379008,2.0
522,6.970020622467866,4.0
523,6.971124918608069,3.0
524,6.97184223873018,2.0
525,6.97267422392048,2.0
526,6.972739253355844,2.0
527,6.9759049789842384,2.0
528,6.9778426837009,0.0
529,6.981824446420281,1.0
530,6.982470948848255,2.0
531,6.98424964569519,2.0
532,6.986085649991899,4.0
533,6.988856275196753,1.0
534,6.990229742355277,1.0
535,6.991504429254568,2.0
536,6.993018551485188,1.0
537,6.996550775130258,2.0
538,6.997887856779504,1.0
539,6.999198413585688,4.0
540,7.004435374069433,0.0
541,7.004732191142241,3.0
542,7.004846623502905,2.0
543,7.006697046343044,4.0
544,7.011306222776578,3.0
545,7.012321051437511,3.0
546,7.0133579851554515,0.0
547,7.014948687158552,1.0
548,7.017072291005507,2.0
549,7.019493005983238,1.0
550,7.0212826536974955,2.0
551,7.021731497622012,1.0
552,7.024969675640334,0.0
553,7.025079017073487,2.0
554,7.02724403295774,1.0
555,7.027372663712537,3.0
556,7.029315073703324,2.0
557,7.030285116269846,1.0
558,7.03100377310634,2.0
559,7.03213107097109,3.0
560,7.0322473222809885,4.0
561,7.0324861066589905,0.0
562,7.03556747809805,3.0
563,7.042820820793877,2.0
564,7.04538668559173,0.0
565,7.0455935901492746,3.0
566,7.047134158935031,2.0
567,7.049035939336196,2.0
568,7.051367431748605,4.0
569,7.055947324566173,2.0
570,7.058244697516376,4.0
571,7.060108019222771,1.0
572,7.062613925230594,2.0
573,7.066573045641602,2.0
574,7.068765428593095,3.0
575,7.0708160685223715,1.0
576,7.071787822762828,3.0
577,7.073071462643684,3.0
578,7.075461216056945,0.0
579,7.075898748273437,2.0
580,7.084471634316888,2.0
581,7.086013703345285,4.0
582,7.08749060791717,4.0
583,7.089657010228117,3.0
584,7.090599115574856,1.0
585,7.091771861703882,3.0
586,7.092526578548455,4.0
587,7.0975025019943985,4.0
588,7.098272098364886,2.0
589,7.0986387732523015,3.0
590,7.098849055207607,2.0
591,7.099108430454712,0.0
592,7.101666519114201,4.0
593,7.1021502974331705,2.0
594,7.102874854896102,0.0
595,7.108082004768543,2.0
596,7.108305933800201,0.0
597,7.11159615751907,3.0
598,7.112294034709094,4.0
599,7.112911524556098,0.0
600,7.120775628705849,1.0
601,7.121039939883448,4.0
602,7.121732447853447,0.0
603,7.123672092439161,1.0
604,7.12639712636374,3.0
605,7.1265358724757375,1.0
606,7.129026954022568,4.0
607,7.129185066463186,2.0
608,7.129486148282597,2.0
609,7.129549585167111,2.0
610,7.131468303212722,4.0
611,7.131469856691402,3.0
612,7.132170548455688,4.0
613,7.135923096613349,4.0
614,7.137072184680486,3.0
615,7.137401686286672,4.0
616,7.138094479941479,0.0
617,7.139282933597033,3.0
618,7.139353648626297,0.0
619,7.140989410760846,3.0
620,7.141573259674753,0.0
621,7.144918639611327,0.0
622,7.144990133837997,2.0
623,7.145198169669711,2.0
624,7.145790645291532,0.0
625,7.150706900864515,2.0
626,7.150859599723135,1.0
627,7.151090209371189,4.0
628,7.1527235395250885,0.0
629,7.152839112313101,1.0
630,7.1533661532222235,1.0
631,7.153425266993123,3.0
632,7.153788627225538,1.0
633,7.1539544780885445,2.0
634,7.155182699753903,0.0
635,7.156232787652359,2.0
636,7.157717086819199,2.0
637,7.157984626734013,2.0
638,7.161235001928385,3.0
639,7.163605074727296,0.0
640,7.1639234598807136,2.0
641,7.165460852740707,1.0
642,7.166027164217702,1.0
643,7.1660463410784585,0.0
644,7.1671220030232385,4.0
645,7.168105227866225,2.0
646,7.168313594290847,0.0
647,7.168837590274589,0.0
648,7.171530561281504,1.0
649,7.173197626338414,4.0
650,7.1761683647644,3.0
651,7.176957524243426,0.0
652,7.177035657188864,3.0
653,7.177546938165624,0.0
654,7.178086094972686,4.0
655,7.178608536277201,2.0
656,7.180572032818075,2.0
657,7.181592124598567,4.0
658,7.182105892004437,0.0
659,7.184677026511649,4.0
660,7.185912709416743,2.0
661,7.186906081959643,4.0
662,7.18835637174741,0.0
663,7.189773787117066,0.0
664,7.192377422431293,3.0
665,7.192402523322636,2.0
666,7.192905931661068,0.0
667,7.193284347144146,2.0
668,7.1941142674402165,2.0
669,7.19451425733047,2.0
670,7.197047592863406,2.0
671,7.201040945107821,4.0
672,7.202246820408361,2.0
673,7.20399989968043,2.0
674,7.20590799876553,2.0
675,7.207526226342402,0.0
676,7.2099785521992255,2.0
677,7.2110759442290755,2.0
678,7.21394936406951,2.0
679,7.214615557384285,3.0
680,7.218874358863301,3.0
681,7.219062416345799,2.0
682,7.222401286100444,1.0
683,7.225260663289386,0.0
684,7.236333628805175,4.0
685,7.236971628827632,0.0
686,7.237006370501635,4.0
687,7.238524468987927,3.0
688,7.238569421380822,2.0
689,7.24055436034733,0.0
690,7.243190611694496,0.0
691,7.243481261154516,2.0
692,7.245214759457732,3.0
693,7.246516185471666,4.0
694,7.247298860306246,3.0
695,7.24772247260671,1.0
696,7.2500811724165635,0.0
697,7.2530700601392475,4.0
698,7.254486899587968,0.0
699,7.254971100006093,3.0
700,7.255864095345314,1.0
701,7.25625988834922,1.0
702,7.258591878562937,0.0
703,7.260166926971543,2.0
704,7.260498946786895,3.0
705,7.260737288499204,4.0
706,7.261974635036819,3.0
707,7.263237194019899,1.0
708,7.263608168243161,4.0
709,7.26364685938179,0.0
710,7.264117572026767,0.0
711,7.264216070330115,0.0
712,7.266121727325125,4.0
713,7.266817737142059,2.0
714,7.267970902506668,0.0
715,7.26892844957401,2.0
716,7.270956581550632,1.0
717,7.271347183673421,0.0
718,7.272008823462985,3.0
719,7.272228576379544,1.0
720,7.275561647478693,0.0
721,7.275935013777273,2.0
722,7.276182493395983,1.0
723,7.277611678296343,4.0
724,7.278043878888651,0.0
725,7.279890542968874,2.0
726,7.280592233910007,1.0
727,7.2831719148913,3.0
728,7.2842415059859595,3.0
729,7.284959974246976,1.0
730,7.2857902880163,1.0
731,7.286470799586119,2.0
732,7.288346799273272,1.0
733,7.289495272314294,0.0
734,7.289606369390314,3.0
735,7.289939626085522,3.0
736,7.292761290318641,2.0
737,7.292765982150841,4.0
738,7.293511116126171,4.0
739,7.293972958040079,0.0
740,7.294284059167519,0.0
741,7.296003812492993,1.0
742,7.297222238971748,2.0
743,7.299205331683421,0.0
744,7.300207895124463,3.0
745,7.301220772639062,1.0
746,7.303268434143389,1.0
747,7.3036537910634705,4.0
748,7.3041309607529925,0.0
749,7.3044878517240575,1.0
750,7.305379147462579,3.0
751,7.305838068203616,1.0
752,7.305948218618044,4.0
753,7.3061810204949715,1.0
754,7.306933695380537,2.0
755,7.310189032319478,0.0
756,7.3118829392447,2.0
757,7.312847108988911,3.0
758,7.31314187965643,1.0
759,7.317231514535611,4.0
760,7.318183078099158,2.0
761,7.319109122000917,2.0
762,7.319792718645259,1.0
763,7.321314664546562,1.0
764,7.321827018967845,1.0
765,7.322583103372367,0.0
766,7.324667052029439,4.0
767,7.326557336128521,1.0
768,7.327084387972978,0.0
769,7.328460485523294,1.0
770,7.328695587845584,1.0
771,7.329129448654818,4.0
772,7.33182142321744,2.0
773,7.331822974138925,2.0
774,7.332860780104108,1.0
775,7.333324961544953,4.0
776,7.33478257158175,1.0
777,7.334968531762752,0.0
778,7.335242968054816,2.0
779,7.335620701114582,4.0
780,7.336395497198072,1.0
781,7.339330335890297,3.0
782,7.339985298946375,3.0
783,7.34012756282424,3.0
784,7.3404383484863445,2.0
785,7.3409961133731,0.0
786,7.346257504778308,3.0
787,7.346311428595045,0.0
788,7.349235618230978,2.0
789,7.350100353190823,4.0
790,7.350281122268402,3.0
791,7.351063128784303,3.0
792,7.351685270727733,2.0
793,7.354139085414033,3.0
794,7.355476286103644,3.0
795,7.356477827207318,0.0
796,7.357247914443888,1.0
797,7.357603762640029,2.0
798,7.357903332328823,2.0
799,7.359417359295836,1.0
800,7.362564318193049,1.0
801,7.363422861103295,0.0
802,7.36700588640672,4.0
803,7.368105809917944,2.0
804,7.36823053284384,3.0
805,7.3689037621049165,1.0
806,7.369003971079835,2.0
807,7.369110026207043,0.0
808,7.371858511187775,3.0
809,7.373262639932464,3.0
810,7.373673304620361,2.0
811,7.373750751056664,0.0
812,7.373789063384774,1.0
813,7.374032903193,4.0
814,7.374037836197281,1.0
815,7.374562128903573,2.0
816,7.374681553821133,0.0
817,7.374753528485551,2.0
818,7.3748374204419544,4.0
819,7.375976349893267,2.0
820,7.376519871239088,4.0
821,7.376643957816332,3.0
822,7.378877994457134,0.0
823,7.3792383951529965,0.0
824,7.380279713943492,4.0
825,7.38234454956287,1.0
826,7.382626404907741,1.0
827,7.383399663204501,0.0
828,7.3845343138961015,1.0
829,7.3849403326400695,3.0
830,7.3854192373378975,2.0
831,7.385940113335969,4.0
832,7.3864185367943564,4.0
833,7.389218072185222,0.0
834,7.389635175249131,4.0
835,7.390260334057568,2.0
836,7.391216292856929,2.0
837,7.39289639541201,2.0
838,7.393807898088758,3.0
839,7.39475323898164,2.0
840,7.398386622112411,2.0
841,7.398788680682156,3.0
842,7.400256352135397,3.0
843,7.400612113604907,0.0
844,7.40137684181039,3.0
845,7.401551194752056,0.0
846,7.401594248023795,1.0
847,7.40235134526756,2.0
848,7.402941766868265,3.0
849,7.404217941825923,2.0
850,7.405524905133513,3.0
851,7.405627777435664,1.0
852,7.405890946616162,1.0
853,7.405946673161941,1.0
854,7.4065451458002896,0.0
855,7.406744592418228,2.0
856,7.408018471683705,2.0
857,7.408456047363252,2.0
858,7.408789113040898,2.0
859,7.409355212583166,4.0
860,7.410008724855068,2.0
861,7.4104993114451325,3.0
862,7.413398131575678,4.0
863,7.414244843262529,2.0
864,7.417349299055494,1.0
865,7.417713118990008,3.0
866,7.418082578891938,0.0
867,7.419474243308899,3.0
868,7.420819354965856,0.0
869,7.421408518113114,2.0
870,7.4217987763401645,0.0
871,7.42306304053165,2.0
872,7.423435916980199,0.0
873,7.423763281747826,0.0
874,7.424343970154598,3.0
875,7.425219258630098,2.0
876,7.425497601266709,0.0
877,7.4259156702107,3.0
878,7.425964303737458,4.0
879,7.428521355939671,0.0
880,7.429017640891189,0.0
881,7.429304721179182,3.0
882,7.429622363407162,2.0
883,7.4304010123858,4.0
884,7.430756114376008,3.0
885,7.430928134220825,4.0
886,7.43095700004544,3.0
887,7.4311513066196175,2.0
888,7.431617936275072,3.0
889,7.431897719520334,0.0
890,7.432637751887635,3.0
891,7.433037945189454,0.0
892,7.434966665228819,4.0
893,7.435240683127926,0.0
894,7.437201494805476,3.0
895,7.438003079651631,2.0
896,7.4380879378559195,2.0
897,7.441066632669553,4.0
898,7.4419897195370535,1.0
899,7.44237813148939,4.0
900,7.443514595233848,4.0
901,7.444813008710675,1.0
902,7.446037700910943,3.0
903,7.447341435996363,1.0
904,7.448423110263578,4.0
905,7.448532014783571,2.0
906,7.448532460879149,4.0
907,7.448715905063728,0.0
908,7.449090454927078,0.0
909,7.44912302751075,2.0
910,7.449583254012527,3.0
911,7.45020898252272,4.0
912,7.45119996341526,3.0
913,7.451843428729695,2.0
914,7.453054527418801,2.0
915,7.453115105009221,2.0
916,7.456103624365096,4.0
917,7.456515900512587,0.0
918,7.456921090285186,0.0
919,7.457062014115805,1.0
920,7.457421430855161,3.0
921,7.457896004010949,3.0
922,7.458485142980289,0.0
923,7.460763312256485,1.0
924,7.461114340315226,4.0
925,7.462401636137718,4.0
926,7.4626518431017645,0.0
927,7.4652380714103534,4.0
928,7.465952386951988,3.0
929,7.466792054905502,0.0
930,7.470722798099635,0.0
931,7.470915281760388,4.0
932,7.471517639326556,3.0
933,7.471706108373488,2.0
934,7.471722542271532,3.0
935,7.47474207291077,0.0
936,7.475106726953257,2.0
937,7.476367537387466,0.0
938,7.476935542756486,3.0
939,7.477870363152692,2.0
940,7.479964062142376,1.0
941,7.4807919152429845,0.0
942,7.480993082776544,3.0
943,7.481874766423814,1.0
944,7.482426076059501,3.0
945,7.482846205300744,1.0
946,7.483259148621073,0.0
947,7.48386499306685,1.0
948,7.483979450938145,2.0
949,7.484506104603343,2.0
950,7.485650278306329,3.0
951,7.486583827932704,4.0
952,7.487266099534255,4.0
953,7.487377420787359,4.0
954,7.487911411782748,2.0
955,7.489830708071335,1.0
956,7.489850702399466,4.0
957,7.491118234660367,4.0
958,7.491328762411502,0.0
959,7.492156736987753,1.0
960,7.492309868386722,4.0
961,7.492891217952056,2.0
962,7.493378830128232,0.0
963,7.494117072143617,0.0
964,7.494315711047198,0.0
965,7.494797696601327,2.0
966,7.496465009531132,2.0
967,7.4967225113617895,2.0
968,7.497516069826063,2.0
969,7.499174843596541,4.0
970,7.5004361711169185,3.0
971,7.501632959938023,3.0
972,7.502884859656626,2.0
973,7.50422067647928,3.0
974,7.5051514797841365,0.0
975,7.505538495051788,2.0
976,7.505649064364789,2.0
977,7.505972143683774,3.0
978,7.5063102982785015,2.0
979,7.506652431302343,3.0
980,7.507428023796632,2.0
981,7.5088779182017165,3.0
982,7.50971226550987,1.0
983,7.511817435104309,1.0
984,7.513442623947572,4.0
985,7.513896976857061,2.0
986,7.514631833424906,2.0
987,7.51463403783513,0.0
988,7.514811396871575,2.0
989,7.516017626606348,2.0
990,7.516661578396364,3.0
991,7.517184037652446,3.0
992,7.51721184258906,3.0
993,7.520925138528054,4.0
994,7.521683462070736,4.0
995,7.522576562213912,2.0
996,7.522845294787087,0.0
997,7.5236401811761775,2.0
998,7.524153294325962,2.0
999,7.525950082555666,3.0
